131 4654681 583
132 4654684 583
133 4653987 582
134 4653988 582
135 4653989 582
136 4653990 582
137 4653991 582
138 4653996 582
139 4653997 582
140 4653998 582
141 4653999 582
142 4654000 582
143 4654002 582
144 4654004 582
145 4653789 579
146 4653790 579
147 4653792 579
148 4653793 579
149 4654636 577
150 4654637 577
151 4654638 577
152 4654639 577
153 4654640 577
154 4654646 577
155 4654647 577
156 4654649 577
157 4654651 577
158 4654384 576
159 4654385 576
160 4654387 576
